0.0 6.19845609989e-13
0.01 9.10316390858e-07
0.02 2.75254473777e-06
0.03 6.47440975434e-06
0.04 1.41972255285e-05
0.05 3.11519266735e-05
0.06 7.2184249393e-05
0.07 0.000189745587479
0.08 0.000657513479291
0.09 0.00521397931612
0.1 0.0384201858148
0.11 0.00278310552352
0.12 0.00118403134932
0.13 0.000764087859893
0.14 0.000597047327692
0.15 0.000521222692878
0.16 0.000489536212087
0.17 0.000484571021992
0.18 0.000499347903431
0.19 0.000531544529818
0.2 0.000581496619577
0.21 0.000651556856326
0.22 0.000746094125586
0.23 0.000871940961263
0.24 0.00103932348029
0.25 0.00126347150058
0.26 0.00156735245085
0.27 0.00198637175016
0.28 0.00257674213066
0.29 0.0034310339266
0.3 0.00470871448521
0.31 0.00670015851958
0.32 0.00997235519645
0.33 0.0157368423976
0.34 0.0269132258119
0.35 0.0518166560274
0.36 0.120544154173
0.37 0.379069119304
0.38 0.999908702397
0.39 0.445599600288
0.4 0.184621953879
0.41 0.102701337005
0.42 0.0685629989788
0.43 0.0513260997574
0.44 0.0415303623866
0.45 0.03555416103
0.46 0.0317769876753
0.47 0.0293895997635
0.48 0.0279560023605
0.49 0.0272302301713
0.5 0.0270716669612
0.51 0.0274041127079
0.52 0.028192901982
0.53 0.02943510372
0.54 0.0311536843452
0.55 0.0333961491081
0.56 0.0362357346363
0.57 0.0397751693522
0.58 0.0441527957527
0.59 0.0495517535671
0.6 0.0562128624845
0.61 0.064452159581
0.62 0.0746848024073
0.63 0.0874569693561
0.64 0.103487268575
0.65 0.123719161138
0.66 0.149382090398
0.67 0.182052531413
0.68 0.22368996477
0.69 0.276589805326
0.7 0.343142651029
0.71 0.4252157558
0.72 0.522967335135
0.73 0.633108579584
0.74 0.747339816904
0.75 0.852614297987
0.76 0.934745574416
0.77 0.984208428243
0.78 0.999991591443
0.79 0.988599641943
0.8 0.959825314175
0.81 0.922839531521
0.82 0.884359640333
0.83 0.848528771285
0.84 0.817523692877
0.85 0.792258678047
0.86 0.772920154343
0.87 0.759318131727
0.88 0.751087627203
0.89 0.747796875731
0.9 0.748998146952
0.91 0.75424572783
0.92 0.763095756839
0.93 0.775099588242
0.94 0.789793576145
0.95 0.806689062523
0.96 0.825267929566
0.97 0.844979742268
0.98 0.865252291691
0.99 0.885504965356
