0.0 6.24150801912e-12
0.01 8.97147003947e-06
0.02 2.65527756979e-05
0.03 6.11471391266e-05
0.04 0.000131333030632
0.05 0.000282503724185
0.06 0.000642824779509
0.07 0.00166550659675
0.08 0.00574436996812
0.09 0.046949510613
0.1 0.184218354827
0.11 0.0193247068911
0.12 0.00837086116792
0.13 0.0053486845041
0.14 0.00410417314713
0.15 0.00350537026304
0.16 0.00321405542851
0.17 0.00310128225062
0.18 0.00311170805603
0.19 0.00322188797897
0.2 0.00342518609966
0.21 0.00372605662035
0.22 0.00413836358963
0.23 0.0046860295991
0.24 0.00540561538029
0.25 0.00635121738158
0.26 0.00760279254397
0.27 0.00928017142993
0.28 0.0115670719286
0.29 0.0147536935726
0.3 0.0193156009439
0.31 0.0260673880769
0.32 0.0364809040744
0.33 0.0533925555894
0.34 0.0827053957579
0.35 0.137824527612
0.36 0.251572267308
0.37 0.498734702489
0.38 0.899246444272
0.39 0.927932361601
0.4 0.5873161305
0.41 0.356026399299
0.42 0.235861833139
0.43 0.170605765491
0.44 0.132253752364
0.45 0.108145290417
0.46 0.0922082056128
0.47 0.0813014881841
0.48 0.0736864848023
0.49 0.0683457162329
0.5 0.0646555720692
0.51 0.0622275077191
0.52 0.0608055186961
0.53 0.0602292616437
0.54 0.0603984192526
0.55 0.0612566876614
0.56 0.0627814842852
0.57 0.0649781108873
0.58 0.0678767877228
0.59 0.0715318716359
0.6 0.0760228412117
0.61 0.081456625475
0.62 0.0879715565857
0.63 0.09574300992
0.64 0.104990476822
0.65 0.115986909596
0.66 0.129069942499
0.67 0.14465521377
0.68 0.163251100248
0.69 0.18547415324
0.7 0.212061849893
0.71 0.243876450026
0.72 0.28189138528
0.73 0.327139583291
0.74 0.380601527606
0.75 0.442993951809
0.76 0.514430166906
0.77 0.593949434573
0.78 0.678997523421
0.79 0.765078047411
0.8 0.845931312102
0.81 0.914522422052
0.82 0.964738406191
0.83 0.993113947756
0.84 0.999679106379
0.85 0.987538166172
0.86 0.961548266477
0.87 0.926887594928
0.88 0.888058477688
0.89 0.848465223271
0.9 0.810406178076
0.91 0.775272004377
0.92 0.743792177951
0.93 0.716257393963
0.94 0.692688646342
0.95 0.672953018367
0.96 0.656841072853
0.97 0.64411233453
0.98 0.634524692484
0.99 0.627847598415
