0.0 -1.01849148001e+31
0.03 -6.15277052938e+30
0.06 -3.29244356571e+30
0.09 -1.44943537089e+30
0.12 -4.47156713519e+29
0.15 -6.72810485205e+28
0.18 -5.3444509987e+27
0.21 -3.76699664522e+26
0.24 -2.63488178387e+25
0.27 -1.84562520234e+24
0.3 -1.29472562779e+23
0.33 -9.08766554086e+21
0.36 -6.36989633965e+20
0.39 -4.44047496174e+19
0.42 -3.04973755782e+18
0.45 -2.01657468202e+17
0.48 -1.20678622891e+16
0.51 -5.06575518001e+14
0.54 446546119.333
0.57 2.74356232578e+13
0.6 51912271.0758
0.63 0.0
0.66 0.0
0.69 0.0
0.72 0.0
0.75 0.0
0.78 0.0
0.81 0.0
0.84 0.0
0.87 0.0
0.9 0.0
0.93 0.0
0.96 0.0
0.99 0.0
1.02 0.0
1.05 0.0
1.08 0.0
1.11 0.0
1.14 0.0
1.17 0.0
1.2 0.0
1.23 0.0
1.26 0.0
1.29 0.0
1.32 0.0
1.35 0.0
1.38 0.0
1.41 0.0
1.44 0.0
1.47 0.0
1.5 0.0
1.53 0.0
1.56 0.0
1.59 0.0
1.62 0.0
1.65 0.0
1.68 0.0
1.71 0.0
1.74 0.0
1.77 0.0
1.8 0.0
1.83 0.0
1.86 0.0
1.89 0.0
1.92 0.0
1.95 0.0
1.98 0.0
2.01 0.0
2.04 0.0
2.07 0.0
2.1 0.0
2.13 0.0
2.16 0.0
2.19 0.0
2.22 0.0
2.25 0.0
2.28 0.0
2.31 0.0
2.34 0.0
2.37 0.0
2.4 0.0
2.43 0.0
2.46 0.0
2.49 0.0
2.52 0.0
2.55 0.0
2.58 0.0
2.61 0.0
2.64 0.0
2.67 0.0
2.7 0.0
2.73 0.0
2.76 0.0
2.79 0.0
2.82 0.0
2.85 0.0
2.88 0.0
2.91 0.0
2.94 0.0
2.97 0.0
