0.0 -1.01849148001e+31
0.06 -3.29244356571e+30
0.12 -4.47156713519e+29
0.18 -5.3444509987e+27
0.24 -2.63488178387e+25
0.3 -1.29472562779e+23
0.36 -6.36989633965e+20
0.42 -3.04973755782e+18
0.48 -1.20678622891e+16
0.54 446546119.333
0.6 51912271.0758
0.66 0.0
0.72 0.0
0.78 0.0
0.84 0.0
0.9 0.0
0.96 0.0
1.02 0.0
1.08 0.0
1.14 0.0
1.2 0.0
1.26 0.0
1.32 0.0
1.38 0.0
1.44 0.0
1.5 0.0
1.56 0.0
1.62 0.0
1.68 0.0
1.74 0.0
1.8 0.0
1.86 0.0
1.92 0.0
1.98 0.0
2.04 0.0
2.1 0.0
2.16 0.0
2.22 0.0
2.28 0.0
2.34 0.0
2.4 0.0
2.46 0.0
2.52 0.0
2.58 0.0
2.64 0.0
2.7 0.0
2.76 0.0
2.82 0.0
2.88 0.0
2.94 0.0
3.0 0.0
3.06 0.0
3.12 0.0
3.18 0.0
3.24 0.0
3.3 0.0
3.36 0.0
3.42 0.0
3.48 0.0
3.54 0.0
3.6 0.0
3.66 0.0
3.72 0.0
3.78 0.0
3.84 0.0
3.9 0.0
3.96 0.0
4.02 0.0
4.08 0.0
4.14 0.0
4.2 0.0
4.26 0.0
4.32 0.0
4.38 0.0
4.44 0.0
4.5 0.0
4.56 0.0
4.62 0.0
4.68 0.0
4.74 0.0
4.8 0.0
4.86 0.0
4.92 0.0
4.98 0.0
5.04 0.0
5.1 0.0
5.16 0.0
5.22 0.0
5.28 0.0
5.34 0.0
5.4 0.0
5.46 0.0
5.52 0.0
5.58 0.0
5.64 0.0
5.7 0.0
5.76 0.0
5.82 0.0
5.88 0.0
5.94 0.0
