0.0 -2.83255330774e+28
0.06 -1.07289552712e+27
0.12 2.34354116658e+26
0.18 6.8885661459e+25
0.24 5.26282265775e+24
0.3 2.04515954844e+24
0.36 1.22342102019e+24
0.42 9.21210718975e+23
0.48 8.19725788493e+23
0.54 8.4927716071e+23
0.6 1.04384866002e+24
0.66 1.62352156893e+24
0.72 3.52212017362e+24
0.78 8.63266625767e+24
0.84 4.58458438492e+24
0.9 1.18406140645e+24
0.96 4.63061645526e+23
1.02 2.34676230423e+23
1.08 1.39736311088e+23
1.14 9.30628401588e+22
1.2 6.73963261772e+22
1.26 5.20570942366e+22
1.32 4.21569081472e+22
1.38 3.50984598256e+22
1.44 2.92919261348e+22
1.5 2.37742262556e+22
1.56 1.82684951838e+22
1.62 1.31571010751e+22
1.68 8.99132920204e+21
1.74 5.98087789133e+21
1.8 3.97089487468e+21
1.86 2.6789969206e+21
1.92 1.85610734381e+21
1.98 1.32774390946e+21
2.04 9.8270008525e+20
2.1 7.52398201879e+20
2.16 5.94463316041e+20
2.22 4.81885246254e+20
2.28 3.96308925675e+20
2.34 3.24347023655e+20
2.4 2.56829250033e+20
2.46 1.90782296276e+20
2.52 1.30513614138e+20
2.58 8.27568679127e+19
2.64 4.99389233337e+19
2.7 2.95437617794e+19
2.76 1.75171492693e+19
2.82 1.05445628593e+19
2.88 6.4847771413e+18
2.94 4.08442771105e+18
3.0 2.63594943145e+18
3.06 1.74223072701e+18
3.12 1.1782904011e+18
3.18 8.14592868656e+17
3.24 5.75074782615e+17
3.3 4.14158016349e+17
3.36 3.03965379594e+17
3.42 2.27104247513e+17
3.48 1.72511987486e+17
3.54 1.33017587925e+17
3.6 1.03897310581e+17
3.66 8.19669560997e+16
3.72 6.50524051153e+16
3.78 5.16809847806e+16
3.84 4.08301446316e+16
3.9 3.18409548844e+16
3.96 2.43356931707e+16
4.02 1.81345667008e+16
4.08 1.3134081625e+16
4.14 9.26222302046e+15
4.2 6.39030358439e+15
4.26 4.34263907287e+15
4.32 2.9293436786e+15
4.38 1.97003939433e+15
4.44 1.3301282133e+15
4.5 9.01245656102e+14
4.56 6.17238365515e+14
4.62 4.25955857427e+14
4.68 2.98508657571e+14
4.74 2.08705817602e+14
4.8 1.47406376808e+14
4.86 1.05919106358e+14
4.92 7.69585005962e+13
4.98 5.53970565702e+13
5.04 3.93864936944e+13
5.1 2.95376385068e+13
5.16 2.27017613605e+13
5.22 1.38629229002e+13
5.28 9.96382766857e+12
5.34 7.2340542541e+12
5.4 4.36308566185e+12
5.46 2.89172704026e+12
5.52 2.84617491697e+12
5.58 1.3893068804e+12
5.64 1.34850106652e+12
5.7 1.30469291714e+12
5.76 5825769.50415
5.82 4208671.11482
5.88 2709611.45458
5.94 1971663.90091
0.0 -2.83255330774e+28
0.06 -1.51001266442e+27
0.12 1.08572619303e+26
0.18 7.30178880012e+25
0.24 1.63163634888e+25
0.3 1.08406972427e+25
0.36 1.04766164639e+25
0.42 1.26765012424e+25
0.48 1.84176882504e+25
0.54 3.242036397e+25
0.6 7.38700850213e+25
0.66 2.46292305392e+26
0.72 9.48937226693e+26
0.78 5.9477046702e+26
0.84 2.19758699106e+26
0.9 1.28143465852e+26
0.96 9.72010858911e+25
1.02 8.68475371877e+25
1.08 8.70168239076e+25
1.14 9.49596284157e+25
1.2 1.1035872307e+26
1.26 1.33374103533e+26
1.32 1.62540884775e+26
1.38 1.9226114484e+26
1.44 2.1323472181e+26
1.5 2.192256627e+26
1.56 2.12871697919e+26
1.62 2.01884025462e+26
1.68 1.92641145196e+26
1.74 1.88514291982e+26
1.8 1.910981901e+26
1.86 2.01542063679e+26
1.92 2.21303153895e+26
1.98 2.52406037194e+26
2.04 2.97051797249e+26
2.1 3.55795905811e+26
2.16 4.2306347429e+26
2.22 4.81375689454e+26
2.28 5.04646297997e+26
2.34 4.79772152212e+26
2.4 4.21520944601e+26
2.46 3.55430466187e+26
2.52 2.97494869626e+26
2.58 2.52396987532e+26
2.64 2.19303690152e+26
2.7 1.95937900266e+26
2.76 1.80167284934e+26
2.82 1.70400487751e+26
2.88 1.65581032029e+26
2.94 1.65093039181e+26
3.0 1.68677378787e+26
3.06 1.76373414678e+26
3.12 1.88484689936e+26
3.18 2.05560141941e+26
3.24 2.28361205203e+26
3.3 2.57787635445e+26
3.36 2.94696768021e+26
3.42 3.39533714843e+26
3.48 3.9170481405e+26
3.54 4.48750825098e+26
3.6 5.05730777553e+26
3.66 5.55642859132e+26
3.72 5.91473592986e+26
3.78 6.09172460881e+26
3.84 6.09397106745e+26
3.9 5.9667497351e+26
3.96 5.76977272131e+26
4.02 5.55601248913e+26
4.08 5.36281158013e+26
4.14 5.21241810488e+26
4.2 5.11628218848e+26
4.26 5.07923968975e+26
4.32 5.10248898875e+26
4.38 5.18515109509e+26
4.44 5.32477149023e+26
4.5 5.51696926992e+26
4.56 5.75444956097e+26
4.62 6.0257669487e+26
4.68 6.31421290014e+26
4.74 6.59743280148e+26
4.8 6.84892712032e+26
4.86 7.04162287745e+26
4.92 7.15341976436e+26
4.98 7.17265866076e+26
5.04 7.10116203844e+26
5.1 6.95341961188e+26
5.16 6.75221538917e+26
5.22 6.52309083849e+26
5.28 6.28971292171e+26
5.34 6.07131626604e+26
5.4 5.88210332145e+26
5.46 5.7318731544e+26
5.52 5.62718790514e+26
5.58 5.57264040394e+26
5.64 5.57191781122e+26
5.7 5.62867192119e+26
5.76 5.74717151762e+26
5.82 5.93277831664e+26
5.88 6.1923427843e+26
5.94 6.53440906077e+26
