0.0 -2.83255330774e+28
0.06 -1.51001266442e+27
0.12 1.08572619303e+26
0.18 7.30178880012e+25
0.24 1.63163634888e+25
0.3 1.08406972427e+25
0.36 1.04766164639e+25
0.42 1.26765012424e+25
0.48 1.84176882504e+25
0.54 3.242036397e+25
0.6 7.38700850213e+25
0.66 2.46292305392e+26
0.72 9.48937226693e+26
0.78 5.9477046702e+26
0.84 2.19758699106e+26
0.9 1.28143465852e+26
0.96 9.72010858911e+25
1.02 8.68475371877e+25
1.08 8.70168239076e+25
1.14 9.49596284157e+25
1.2 1.1035872307e+26
1.26 1.33374103533e+26
1.32 1.62540884775e+26
1.38 1.9226114484e+26
1.44 2.1323472181e+26
1.5 2.192256627e+26
1.56 2.12871697919e+26
1.62 2.01884025462e+26
1.68 1.92641145196e+26
1.74 1.88514291982e+26
1.8 1.910981901e+26
1.86 2.01542063679e+26
1.92 2.21303153895e+26
1.98 2.52406037194e+26
2.04 2.97051797249e+26
2.1 3.55795905811e+26
2.16 4.2306347429e+26
2.22 4.81375689454e+26
2.28 5.04646297997e+26
2.34 4.79772152212e+26
2.4 4.21520944601e+26
2.46 3.55430466187e+26
2.52 2.97494869626e+26
2.58 2.52396987532e+26
2.64 2.19303690152e+26
2.7 1.95937900266e+26
2.76 1.80167284934e+26
2.82 1.70400487751e+26
2.88 1.65581032029e+26
2.94 1.65093039181e+26
3.0 1.68677378787e+26
3.06 1.76373414678e+26
3.12 1.88484689936e+26
3.18 2.05560141941e+26
3.24 2.28361205203e+26
3.3 2.57787635445e+26
3.36 2.94696768021e+26
3.42 3.39533714843e+26
3.48 3.9170481405e+26
3.54 4.48750825098e+26
3.6 5.05730777553e+26
3.66 5.55642859132e+26
3.72 5.91473592986e+26
3.78 6.09172460881e+26
3.84 6.09397106745e+26
3.9 5.9667497351e+26
3.96 5.76977272131e+26
4.02 5.55601248913e+26
4.08 5.36281158013e+26
4.14 5.21241810488e+26
4.2 5.11628218848e+26
4.26 5.07923968975e+26
4.32 5.10248898875e+26
4.38 5.18515109509e+26
4.44 5.32477149023e+26
4.5 5.51696926992e+26
4.56 5.75444956097e+26
4.62 6.0257669487e+26
4.68 6.31421290014e+26
4.74 6.59743280148e+26
4.8 6.84892712032e+26
4.86 7.04162287745e+26
4.92 7.15341976436e+26
4.98 7.17265866076e+26
5.04 7.10116203844e+26
5.1 6.95341961188e+26
5.16 6.75221538917e+26
5.22 6.52309083849e+26
5.28 6.28971292171e+26
5.34 6.07131626604e+26
5.4 5.88210332145e+26
5.46 5.7318731544e+26
5.52 5.62718790514e+26
5.58 5.57264040394e+26
5.64 5.57191781122e+26
5.7 5.62867192119e+26
5.76 5.74717151762e+26
5.82 5.93277831664e+26
5.88 6.1923427843e+26
5.94 6.53440906077e+26
