0.0 -7.41973357502e+28
0.06 -1.76719684022e+27
0.12 2.58355614212e+26
0.18 2.53634033269e+27
0.24 1.28021171087e+26
0.3 6.41646270373e+25
0.36 5.29100129777e+25
0.42 5.57653040432e+25
0.48 6.94892725726e+25
0.54 9.97792433604e+25
0.6 1.64833642767e+26
0.66 3.14438041824e+26
0.72 6.53675150712e+26
0.78 1.0980831574e+27
0.84 9.75653864875e+26
0.9 6.23844606635e+26
0.96 4.23636580378e+26
1.02 3.24777102601e+26
1.08 2.75841759705e+26
1.14 2.53720173823e+26
1.2 2.48338826572e+26
1.26 2.55212083534e+26
1.32 2.7234118509e+26
1.38 2.98712953788e+26
1.44 3.33301939881e+26
1.5 3.74205209195e+26
1.56 4.17992791524e+26
1.62 4.59735651215e+26
1.68 4.94151914164e+26
1.74 5.17557908935e+26
1.8 5.29301903723e+26
1.86 5.31611768047e+26
1.92 5.2817781879e+26
1.98 5.22651002262e+26
2.04 5.17804128762e+26
2.1 5.15356348333e+26
2.16 5.16127231041e+26
2.22 5.20260244254e+26
2.28 5.27396735111e+26
2.34 5.36800168338e+26
2.4 5.47446530226e+26
2.46 5.58124904029e+26
2.52 5.67578877299e+26
2.58 5.74688003764e+26
2.64 5.78645207237e+26
2.7 5.79107305253e+26
2.76 5.76229207525e+26
2.82 5.70608486054e+26
2.88 5.63136985243e+26
2.94 5.54831634918e+26
3.0 5.46687620028e+26
3.06 5.39583467023e+26
3.12 5.34231386352e+26
3.18 5.31181382757e+26
3.24 5.30832094391e+26
3.3 5.33463059756e+26
3.36 5.39254757624e+26
3.42 5.48305983956e+26
3.48 5.60641091601e+26
3.54 5.76203321539e+26
3.6 5.94833383557e+26
3.66 6.16257452812e+26
3.72 6.40048305558e+26
3.78 6.65605925765e+26
3.84 6.92148244011e+26
3.9 7.18712740394e+26
3.96 7.44212004462e+26
4.02 7.67508619965e+26
4.08 7.87530853514e+26
4.14 8.03401485881e+26
4.2 8.14557342398e+26
4.26 8.20815624991e+26
4.32 8.22384216282e+26
4.38 8.19812311707e+26
4.44 8.13896862092e+26
4.5 8.05564360207e+26
4.56 7.95763264435e+26
4.62 7.85382559181e+26
4.68 7.75200768068e+26
4.74 7.65855270595e+26
4.8 7.5784574787e+26
4.86 7.51541413629e+26
4.92 7.47195904765e+26
4.98 7.44971578686e+26
5.04 7.44946937445e+26
5.1 7.47142322001e+26
5.16 7.51519480208e+26
5.22 7.57996120712e+26
5.28 7.6644540965e+26
5.34 7.76698842951e+26
5.4 7.88548911884e+26
5.46 8.01751636594e+26
5.52 8.16024512934e+26
5.58 8.31057048352e+26
5.64 8.46513498745e+26
5.7 8.62043554883e+26
5.76 8.7729978586e+26
5.82 8.9194497142e+26
5.88 9.05677972888e+26
5.94 9.18238604999e+26
