1e-05 0.000355635525304
0.01000995 0.561698614953
0.0200099 1.03068280376
0.03000985 3.12802344309
0.0400098 3.50036070872
0.05000975 6.5499702541
0.0600097 8.01528054139
0.07000965 1.34013727814
0.0800096 0.869119482422
0.09000955 0.774928275907
0.1000095 0.794702694176
0.11000945 0.886439156317
0.1200094 1.04874414134
0.13000935 1.29722869811
0.1400093 1.66104403564
0.15000925 2.1844355152
0.1600092 2.93004027455
0.17000915 3.98203044623
0.1800091 5.445725788
0.19000905 7.43606123381
0.200009 10.038247417
0.21000895 13.2046025214
0.2200089 16.5216367189
0.23000885 18.8098430134
0.2400088 18.1505032423
0.25000875 14.3902109462
0.2600087 10.4289073307
0.27000865 7.73120624302
0.2800086 6.06480671077
0.29000855 5.02761402177
0.3000085 4.36731798698
0.31000845 3.94351293006
0.3200084 3.67774423868
0.33000835 3.52502689996
0.3400083 3.45902594441
0.35000825 3.46438078129
0.3600082 3.53239696374
0.37000815 3.65868832541
0.3800081 3.84160206578
0.39000805 4.08113910843
0.400008 4.37796760699
0.41000795 4.73240130597
0.4200079 5.14327757115
0.43000785 5.60647334877
0.4400078 6.11336056597
0.45000775 6.64923260461
0.4600077 7.19215664682
0.47000765 7.71296878729
0.4800076 8.17717761112
0.49000755 8.5491421278
0.5000075 8.79846120574
0.51000745 8.90669128778
0.5200074 8.87193075654
0.53000735 8.70920422001
0.5400073 8.44613665235
0.55000725 8.11602572836
0.5600072 7.75114884739
0.57000715 7.37823523449
0.5800071 7.01675927531
0.59000705 6.67917140051
0.600007 6.37218164159
0.61000695 6.09834627742
0.6200069 5.85744590602
0.63000685 5.64749253527
0.6400068 5.46552291005
0.65000675 5.30806780354
0.6600067 5.17144548197
0.67000665 5.05191825404
0.6800066 4.94585391712
0.69000655 4.84974018796
0.7000065 4.76029077669
0.71000645 4.6744736603
0.7200064 4.58957022588
0.73000635 4.50326589162
0.7400063 4.41369703807
0.75000625 4.3194717872
0.7600062 4.21973367416
0.77000615 4.11416676038
0.7800061 4.00292960923
0.79000605 3.88664368064
0.800006 3.7662624783
0.81000595 3.64299372554
0.8200059 3.51818316749
0.83000585 3.39321486019
0.8400058 3.26938299172
0.85000575 3.14789460481
0.8600057 3.02975582243
0.87000565 2.91579405354
0.8800056 2.8066007932
0.89000555 2.70257874984
0.9000055 2.60395125092
0.91000545 2.51077587792
0.9200054 2.42296838515
0.93000535 2.34034635732
0.9400053 2.26261747449
0.95000525 2.18944999687
0.9600052 2.12044793731
0.97000515 2.05519356945
0.9800051 1.99325806142
0.99000505 1.93420234095
1.000005 1.87759917549
1.01000495 1.82303845225
1.0200049 1.77014859417
1.03000485 1.71857706033
1.0400048 1.66802456025
1.05000475 1.61823516474
1.0600047 1.56900639529
1.07000465 1.52018862019
1.0800046 1.47168621069
1.09000455 1.42345707988
1.1000045 1.37551090856
1.11000445 1.32789500105
1.1200044 1.28069863843
1.13000435 1.23404030026
1.1400043 1.18805439126
1.15000425 1.14289794632
1.1600042 1.09871773319
1.17000415 1.05566592295
1.1800041 1.01388140687
1.19000405 0.973483612493
1.200004 0.93457913707
1.21000395 0.897247393298
1.2200039 0.861550908053
1.23000385 0.827525537122
1.2400038 0.795186467499
1.25000375 0.764528929666
1.2600037 0.735534731224
1.27000365 0.708165727062
1.2800036 0.682372305126
1.29000355 0.658095882259
1.3000035 0.635266584846
1.31000345 0.61380943447
1.3200034 0.593645038725
1.33000335 0.574689426115
1.3400033 0.556855805896
1.35000325 0.540056117868
1.3600032 0.52420386508
1.37000315 0.509210694829
1.3800031 0.494991546485
1.39000305 0.481460002522
1.400003 0.468533460323
1.41000295 0.456132101337
1.4200029 0.444177951614
1.43000285 0.432597974613
1.4400028 0.421324295719
1.45000275 0.410293172074
1.4600027 0.399445832714
1.47000265 0.38873112449
1.4800026 0.378104739826
1.49000255 0.367529333909
1.5000025 0.356976714087
1.51000245 0.34642593779
1.5200024 0.33586499472
1.53000235 0.3252895689
1.5400023 0.314704224599
1.55000225 0.304119820938
1.5600022 0.293554098171
1.57000215 0.283030854569
1.5800021 0.272576615527
1.59000205 0.262222084851
1.600002 0.251999443355
1.61000195 0.241940800569
1.6200019 0.232078616438
1.63000185 0.222443046998
1.6400018 0.213061073204
1.65000175 0.203958177582
1.6600017 0.195154669545
1.67000165 0.186667169009
1.6800016 0.178508622741
1.69000155 0.170688561336
1.7000015 0.163211248501
1.71000145 0.156079117531
1.7200014 0.149289958221
1.73000135 0.142840268824
1.7400013 0.136722758036
1.75000125 0.130929186489
1.7600012 0.125449157395
1.77000115 0.120271208529
1.7800011 0.115382588924
1.79000105 0.11077031472
1.800001 0.106421057931
1.81000095 0.102320622038
1.8200009 0.0984552641355
1.83000085 0.0948117321811
1.8400008 0.09137612329
1.85000075 0.0881352843533
1.8600007 0.0850762965548
1.87000065 0.0821869131063
1.8800006 0.0794551893785
1.89000055 0.0768698499577
1.9000005 0.0744197593966
1.91000045 0.0720946204027
1.9200004 0.0698844548661
1.93000035 0.0677799176036
1.9400003 0.0657722069504
1.95000025 0.0638527416563
1.9600002 0.062014204588
1.97000015 0.060248640868
1.9800001 0.0585493899434
1.99000005 0.0569100921868
