1e-05 0.000425321910584
0.01000995 0.610491740426
0.0200099 1.48234798726
0.03000985 3.25982930037
0.0400098 4.80864502205
0.05000975 8.30414197023
0.0600097 3.54705818144
0.07000965 1.24086913186
0.0800096 0.975003988443
0.09000955 0.966717612186
0.1000095 1.07860556618
0.11000945 1.29884450585
0.1200094 1.65273189707
0.13000935 2.1924113421
0.1400093 3.00078245404
0.15000925 4.20023120208
0.1600092 5.96176379339
0.17000915 8.50675342126
0.1800091 12.0828278552
0.19000905 16.8736981563
0.200009 22.76101414
0.21000895 28.7975257739
0.2200089 32.3871744471
0.23000885 29.9917546171
0.2400088 23.0623319207
0.25000875 16.9964589906
0.2600087 13.155543937
0.27000865 10.8568040397
0.2800086 9.48013020272
0.29000855 8.67184420773
0.3000085 8.24147541615
0.31000845 8.08624149844
0.3200084 8.15146294168
0.33000835 8.41042117407
0.3400083 8.85393214829
0.35000825 9.48455210374
0.3600082 10.3129284394
0.37000815 11.3550221733
0.3800081 12.6290992864
0.39000805 14.1517870376
0.400008 15.9331252598
0.41000795 17.969556964
0.4200079 20.2358015109
0.43000785 22.6764160889
0.4400078 25.2001559019
0.45000775 27.6805061256
0.4600077 29.9666850438
0.47000765 31.9071380215
0.4800076 33.3807987311
0.49000755 34.325900561
0.5000075 34.7534418372
0.51000745 34.7390641195
0.5200074 34.3981267566
0.53000735 33.856263603
0.5400073 33.2265872668
0.55000725 32.5980040797
0.5600072 32.0330424159
0.57000715 31.5709259042
0.5800071 31.2326709647
0.59000705 31.0264728282
0.600007 30.9512953123
0.61000695 30.9998437471
0.6200069 31.160397758
0.63000685 31.4180640604
0.6400068 31.7554757799
0.65000675 32.1529312209
0.6600067 32.589320838
0.67000665 33.0427528514
0.6800066 33.4908925561
0.69000655 33.9123270649
0.7000065 34.2874021166
0.71000645 34.5992868371
0.7200064 34.8353426386
0.73000635 34.9873933809
0.7400063 35.0523894102
0.75000625 35.032338151
0.7600062 34.9337008208
0.77000615 34.7667362936
0.7800061 34.5443424587
0.79000605 34.2810280064
0.800006 33.9914470727
0.81000595 33.6900779127
0.8200059 33.3900904093
0.83000585 33.1030374818
0.8400058 32.8383801895
0.85000575 32.6038895967
0.8600057 32.4051174232
0.87000565 32.2457773171
0.8800056 32.1276909605
0.89000555 32.0513412993
0.9000055 32.0156061956
0.91000545 32.0182637465
0.9200054 32.0555749232
0.93000535 32.1233594007
0.9400053 32.2162112183
0.95000525 32.3281628008
0.9600052 32.4526411306
0.97000515 32.5827250108
0.9800051 32.7113283849
0.99000505 32.8313669073
1.000005 32.9361535628
1.01000495 33.0193864298
1.0200049 33.0755417722
1.03000485 33.1000460615
1.0400048 33.0897119028
1.05000475 33.0424291301
1.0600047 32.9574315138
1.07000465 32.835386323
1.0800046 32.6782002981
1.09000455 32.4888825193
1.1000045 32.2716893248
1.11000445 32.0312441975
1.1200044 31.773057829
1.13000435 31.5027050929
1.1400043 31.2260773021
1.15000425 30.9485636815
1.1600042 30.6755993052
1.17000415 30.4122634869
1.1800041 30.1629445173
1.19000405 29.9315025897
1.200004 29.7213173448
1.21000395 29.5351228312
1.2200039 29.3750039666
1.23000385 29.2425475048
1.2400038 29.1386955454
1.25000375 29.0639753083
1.2600037 29.0183334985
1.27000365 29.0012177532
1.2800036 29.0116477958
1.29000355 29.0481070776
1.3000035 29.1087250607
1.31000345 29.1912776913
1.3200034 29.2930033762
1.33000335 29.4106603643
1.3400033 29.5409068117
1.35000325 29.6799351018
1.3600032 29.8236309913
1.37000315 29.9676549247
1.3800031 30.1075832417
1.39000305 30.2388194314
1.400003 30.3568422605
1.41000295 30.4573852881
1.4200029 30.5362707924
1.43000285 30.5897217317
1.4400028 30.6144992427
1.45000275 30.6079392394
1.4600027 30.5681090026
1.47000265 30.4936542196
1.4800026 30.3842479919
1.49000255 30.2400999561
1.5000025 30.0623577022
1.51000245 29.8529198744
1.5200024 29.6140876261
1.53000235 29.3489052521
1.5400023 29.0609215947
1.55000225 28.7536923352
1.5600022 28.4311883991
1.57000215 28.0974438723
1.5800021 27.7563963122
1.59000205 27.4118243645
1.600002 27.0673574033
1.61000195 26.7264533051
1.6200019 26.3921376592
1.63000185 26.0672129252
1.6400018 25.7540149013
1.65000175 25.4547248295
1.6600017 25.1710529239
1.67000165 24.9044798289
1.6800016 24.6561627002
1.69000155 24.4269259075
1.7000015 24.2173933945
1.71000145 24.0279698414
1.7200014 23.8587915488
1.73000135 23.7098504015
1.7400013 23.58090928
1.75000125 23.4716791632
1.7600012 23.3815960006
1.77000115 23.3100234331
1.7800011 23.256164581
1.79000105 23.2192112389
1.800001 23.1980969588
1.81000095 23.1917371823
1.8200009 23.1989482662
1.83000085 23.2184271498
1.8400008 23.2487619172
1.85000075 23.2885933343
1.8600007 23.3363589977
1.87000065 23.3905323196
1.8800006 23.4495254985
1.89000055 23.5116526833
1.9000005 23.5753102915
1.91000045 23.6388490243
1.9200004 23.7006682872
1.93000035 23.7591930576
1.9400003 23.8130041982
1.95000025 23.8606320984
1.9600002 23.9009230119
1.97000015 23.9326700725
1.9800001 23.9548579779
1.99000005 23.9667873571
