1.0000e-05 1.5010e-02 3.0010e-02 4.5009e-02 6.0009e-02 7.5009e-02 9.0009e-02 1.0501e-01 1.2001e-01 1.3501e-01 1.5001e-01 1.6501e-01 1.8001e-01 1.9501e-01 2.1001e-01 2.2501e-01 2.4001e-01 2.5501e-01 2.7001e-01 2.8501e-01 3.0001e-01 3.1501e-01 3.3001e-01 3.4501e-01 3.6001e-01 3.7501e-01 3.9000e-01 4.0500e-01 4.2000e-01 4.3500e-01 4.5000e-01 4.6500e-01 4.8000e-01 4.9500e-01 5.1000e-01 5.2500e-01 5.4000e-01 5.5500e-01 5.7000e-01 5.8500e-01 6.0000e-01 6.1500e-01 6.3000e-01 6.4500e-01 6.6000e-01 6.7500e-01 6.9000e-01 7.0500e-01 7.2000e-01 7.3500e-01
7.2080e-05 3.2449e-01 1.8364e+00 3.5536e+00 1.9356e+00 7.5438e-01 7.8682e-01 6.6886e-01 8.1067e-01 1.1663e+00 2.5392e+00 3.5179e+00 7.5585e+00 6.8526e+00 1.1306e+01 1.6149e+01 1.6251e+01 9.3942e+00 6.7686e+00 5.2252e+00 4.8109e+00 5.2613e+00 5.1980e+00 5.7437e+00 6.1306e+00 6.9767e+00 8.2633e+00 1.0718e+01 1.0117e+01 1.3275e+01 1.8293e+01 1.6406e+01 2.0688e+01 1.8936e+01 2.0965e+01 2.1507e+01 1.9889e+01 2.0096e+01 1.9028e+01 1.7930e+01 2.0509e+01 1.7617e+01 2.0330e+01 1.9912e+01 2.2501e+01 1.7606e+01 1.8257e+01 2.1735e+01 2.2569e+01 2.2140e+01
1.3052e-04 4.1348e-01 2.6332e+00 3.9956e+00 1.9498e+00 7.8240e-01 6.4087e-01 7.7305e-01 8.4578e-01 1.5232e+00 1.9909e+00 2.9353e+00 6.1895e+00 1.1952e+01 1.2683e+01 1.7360e+01 1.7492e+01 1.0669e+01 8.0161e+00 6.5557e+00 5.1551e+00 4.5521e+00 5.1909e+00 5.9681e+00 6.3125e+00 7.4436e+00 8.2918e+00 1.0525e+01 1.1148e+01 1.1694e+01 1.9161e+01 1.7755e+01 1.7613e+01 2.0347e+01 1.9976e+01 1.9657e+01 2.0302e+01 2.0937e+01 2.0530e+01 1.6639e+01 2.1045e+01 1.8038e+01 2.0021e+01 2.2939e+01 2.1000e+01 2.2227e+01 2.0942e+01 1.9817e+01 2.4848e+01 2.2262e+01
2.8745e-04 6.4681e-01 2.4946e+00 4.8164e+00 1.5322e+00 5.7238e-01 4.4363e-01 6.7036e-01 9.7026e-01 1.4871e+00 1.5568e+00 2.6014e+00 5.7891e+00 8.7887e+00 1.8072e+01 1.6645e+01 1.3243e+01 1.1184e+01 7.6478e+00 5.6943e+00 5.3367e+00 5.4682e+00 4.6969e+00 5.4945e+00 6.3474e+00 7.3115e+00 7.2457e+00 1.0019e+01 1.2964e+01 1.5309e+01 1.8120e+01 1.8851e+01 2.1256e+01 1.9665e+01 2.1359e+01 1.9353e+01 2.0443e+01 1.8911e+01 1.9684e+01 1.7667e+01 1.7669e+01 2.0176e+01 2.0596e+01 2.1110e+01 1.8297e+01 1.8761e+01 2.1552e+01 2.1173e+01 2.0288e+01 2.5855e+01
2.4934e-04 2.5764e-01 9.0619e-01 2.1639e+00 4.2812e+00 5.2876e-01 5.9784e-01 5.2941e-01 8.4711e-01 1.6692e+00 1.9495e+00 4.0269e+00 7.9031e+00 9.7426e+00 2.0159e+01 1.7090e+01 1.7476e+01 1.4119e+01 7.1598e+00 5.4238e+00 6.0630e+00 5.3258e+00 5.0587e+00 5.2559e+00 6.5406e+00 7.3498e+00 1.0180e+01 1.0586e+01 1.0296e+01 1.6156e+01 1.5719e+01 1.8139e+01 2.0062e+01 2.1387e+01 2.0852e+01 2.0377e+01 2.0407e+01 2.2094e+01 1.9301e+01 2.1083e+01 1.9434e+01 2.0384e+01 1.9189e+01 2.1050e+01 1.8189e+01 2.1891e+01 1.8936e+01 2.4211e+01 1.9392e+01 2.1925e+01
2.1644e-04 9.4838e-01 2.0070e+00 6.3680e+00 3.7739e+00 5.3672e-01 5.2252e-01 5.5569e-01 8.4394e-01 1.6498e+00 1.9498e+00 4.3327e+00 5.0895e+00 1.0678e+01 1.6698e+01 1.5254e+01 1.6874e+01 1.1469e+01 8.9133e+00 6.2307e+00 5.2803e+00 4.8284e+00 4.8293e+00 5.2118e+00 6.0921e+00 7.7885e+00 8.3086e+00 8.4498e+00 1.1037e+01 1.2586e+01 1.6894e+01 2.0147e+01 1.9518e+01 1.9816e+01 2.0208e+01 2.0747e+01 2.1519e+01 1.9983e+01 1.9940e+01 1.8590e+01 2.0398e+01 1.9782e+01 2.1862e+01 1.5825e+01 2.1681e+01 2.2973e+01 2.3094e+01 2.0823e+01 2.2774e+01 2.4250e+01
4.5434e-04 4.9825e-01 1.6672e+00 2.6456e+00 2.2083e+00 5.7219e-01 6.5684e-01 7.2006e-01 9.5105e-01 1.3803e+00 2.5279e+00 3.8311e+00 5.9938e+00 9.0355e+00 1.5090e+01 1.3332e+01 1.5756e+01 1.1002e+01 5.9053e+00 4.7852e+00 4.9389e+00 5.2558e+00 5.5431e+00 5.2719e+00 5.3973e+00 6.8695e+00 8.9418e+00 1.0346e+01 1.1423e+01 1.4886e+01 1.6948e+01 1.8977e+01 1.9729e+01 1.8475e+01 2.1877e+01 1.9163e+01 1.9276e+01 1.8947e+01 1.9320e+01 2.1248e+01 1.9108e+01 1.6177e+01 2.2591e+01 1.7502e+01 1.9515e+01 2.1778e+01 2.2163e+01 2.0092e+01 2.0236e+01 2.1824e+01
3.2335e-04 4.6372e-01 2.8671e+00 4.0012e+00 2.1634e+00 7.4553e-01 6.6168e-01 6.1808e-01 8.2429e-01 1.7403e+00 1.6586e+00 3.8629e+00 5.5248e+00 1.0523e+01 1.1831e+01 1.3492e+01 1.2459e+01 8.4135e+00 7.8373e+00 5.9612e+00 4.9737e+00 4.8702e+00 4.7480e+00 5.5573e+00 6.9668e+00 7.7830e+00 9.6678e+00 8.3569e+00 1.3443e+01 1.4884e+01 1.4220e+01 2.0456e+01 2.0683e+01 1.8234e+01 1.9725e+01 2.0685e+01 2.0781e+01 2.1241e+01 1.9432e+01 2.0305e+01 1.8777e+01 2.1370e+01 1.9393e+01 1.7905e+01 2.0258e+01 2.0807e+01 2.2447e+01 2.0699e+01 1.9051e+01 2.1782e+01
2.1903e-04 2.0308e-01 1.2226e+00 6.6293e+00 4.3013e+00 5.8537e-01 6.2901e-01 6.3425e-01 9.3140e-01 1.4624e+00 2.2495e+00 3.5660e+00 6.9980e+00 1.1087e+01 1.4011e+01 1.4704e+01 1.3716e+01 1.2076e+01 6.2379e+00 5.5528e+00 5.2035e+00 5.5935e+00 4.9660e+00 5.1907e+00 5.6999e+00 6.6974e+00 1.0099e+01 9.5256e+00 1.0152e+01 1.3625e+01 1.6184e+01 2.0344e+01 2.1625e+01 2.1852e+01 1.9577e+01 2.0393e+01 1.9593e+01 1.9891e+01 1.9334e+01 1.7892e+01 1.7311e+01 2.1524e+01 2.0774e+01 2.0088e+01 2.0673e+01 1.6645e+01 2.4014e+01 2.2675e+01 2.3659e+01 2.4995e+01
3.4897e-04 7.9563e-01 3.0119e+00 3.5821e+00 1.0248e+01 7.7993e-01 5.5745e-01 5.7112e-01 8.5657e-01 1.2988e+00 2.0189e+00 3.9094e+00 7.3519e+00 8.6392e+00 1.4777e+01 1.7157e+01 1.6919e+01 9.7411e+00 6.3458e+00 5.7136e+00 5.3014e+00 4.7465e+00 5.3086e+00 5.4682e+00 6.1763e+00 7.1886e+00 7.7953e+00 9.0043e+00 1.2118e+01 1.4254e+01 1.7518e+01 1.6333e+01 1.7657e+01 2.0990e+01 2.1816e+01 2.0632e+01 2.0142e+01 1.9353e+01 1.8562e+01 1.8513e+01 1.7317e+01 2.0131e+01 1.9296e+01 1.8683e+01 2.0196e+01 1.8797e+01 2.2714e+01 1.8124e+01 2.1895e+01 2.2730e+01
2.1456e-04 6.4741e-01 2.5968e+00 1.5833e+00 2.3425e+00 5.8584e-01 4.8314e-01 6.4264e-01 8.7525e-01 1.2447e+00 2.1422e+00 3.7418e+00 5.2859e+00 1.0439e+01 2.0432e+01 1.8314e+01 1.7079e+01 1.1853e+01 8.3051e+00 6.0176e+00 5.5882e+00 4.7248e+00 5.0820e+00 5.4773e+00 5.7894e+00 6.9979e+00 8.2921e+00 1.0862e+01 1.1812e+01 1.3826e+01 1.8325e+01 1.8252e+01 2.1262e+01 2.0171e+01 2.1267e+01 2.0084e+01 2.0111e+01 1.9471e+01 1.8166e+01 2.1011e+01 2.0684e+01 1.8798e+01 2.0447e+01 1.8522e+01 1.7636e+01 2.0048e+01 2.3252e+01 2.2191e+01 2.3891e+01 2.3527e+01
